1,0,0,0,1,0,0,0,1,0,0,1,0
0.999999999995597,0,2.96737586727559e-06,0,1,0,-2.96737586727559e-06,0,0.999999999995597,1.95730262052916e-06,0,1.00000092750491,0
0.999999999722468,0,2.35598006302324e-05,0,1,0,-2.35598006302324e-05,0,0.999999999722468,1.55402910068612e-05,0,1.00000736386525,0
0.999999996886452,0,7.89119519635775e-05,0,1,0,-7.89119519635775e-05,0,0.999999996886452,5.20518318284713e-05,0,1.00002466332593,0
0.99999998277103,0,0.000185628498252022,0,1,0,-0.000185628498252022,0,0.99999998277103,0.000122447201459398,0,1.00005801023148,0
0.999999935275744,0,0.000359789531346018,0,1,0,-0.000359789531346018,0,0.999999935275744,0.000237339845430356,0,1.00011241613229,0
0.999999809682634,0,0.000616955992366941,0,1,0,-0.000616955992366941,0,0.999999809682634,0.000407007843446588,0,1.00019271538997,0
0.999999527437692,0,0.000972175082879659,0,1,0,-0.000972175082879659,0,0.999999527437692,0.000641400985194903,0,1.00030355946893,0
0.999998963220127,0,0.00143998564990073,0,1,0,-0.00143998564990073,0,0.999998963220127,0.000950148364073686,0,1.00044941009034,0
0.999997930558311,0,0.00203442352902431,0,1,0,-0.00203442352902431,0,0.999997930558311,0.00134256639755101,0,1.0006345314144,0
0.999996166237871,0,0.00276902682562762,0,1,0,-0.00276902682562762,0,0.999996166237871,0.00182766718422447,0,1.00086298140656,0
0.999993313734196,0,0.0036568411098393,0,1,0,-0.0036568411098393,0,0.999993313734196,0.00241416710892897,0,1.00113860253328,0
0.99998890588899,0,0.00471042449686754,0,1,0,-0.00471042449686754,0,0.99998890588899,0.00311049560851868,0,1.00146501192329,0
0.999982347038142,0,0.00594185258051992,0,1,0,-0.00594185258051992,0,0.999982347038142,0.0039248040123122,0,1.00184559112109,0
0.999972894786309,0,0.00736272318440835,0,1,0,-0.00736272318440835,0,0.999972894786309,0.00486497437270817,0,1.00228347555041,0
0.999959641612129,0,0.00898416089251026,0,1,0,-0.00898416089251026,0,0.999959641612129,0.00593862820320196,0,1.00278154379702,0
0.999941496476951,0,0.0108168213185185,0,1,0,-0.0108168213185185,0,0.999941496476951,0.00715313504300885,0,1.00334240681215,0
0.999917166599339,0,0.0128708950718132,0,1,0,-0.0128708950718132,0,0.999917166599339,0.00851562076975697,0,1.00396839713049,0
0.999885139547503,0,0.0151561113769656,0,1,0,-0.0151561113769656,0,0.999885139547503,0.0100329755842786,0,1.00466155818958,0
0.999843665792046,0,0.0176817413034639,0,1,0,-0.0176817413034639,0,0.999843665792046,0.0117118615944161,0,1.00542363383098,0
0.99979074185222,0,0.0204566005628453,0,1,0,-0.0204566005628453,0,0.99979074185222,0.0135587199279788,0,1.00625605805771,0
0.999724094160009,0,0.0234890518316339,0,1,0,-0.0234890518316339,0,0.999724094160009,0.0155797773085433,0,1.00715994511702,0
0.999641163758042,0,0.0267870065604064,0,1,0,-0.0267870065604064,0,0.999641163758042,0.0177810520316759,0,1.00813607997243,0
0.999539091939328,0,0.0303579262319303,0,1,0,-0.0303579262319303,0,0.999539091939328,0.020168359283372,0,1.00918490922486,0
0.999414706929304,0,0.0342088230346096,0,1,0,-0.0342088230346096,0,0.999414706929304,0.0227473157470371,0,1.01030653253857,0
0.999264511703503,0,0.0383462599214131,0,1,0,-0.0383462599214131,0,0.999264511703503,0.0255233434501671,0,1.01150069462396,0
0.999084673027365,0,0.0427763500289974,0,1,0,-0.0427763500289974,0,0.999084673027365,0.0285016728070063,0,1.01276677782665,0
0.998871011798262,0,0.047504755436855,0,1,0,-0.047504755436855,0,0.998871011798262,0.031687344818851,0,1.01410379536911,0
0.998618994763638,0,0.0525366852519436,0,1,0,-0.0525366852519436,0,0.998618994763638,0.0350852123993056,0,1.01551038528926,0
0.998323727683294,0,0.0578768930103639,0,1,0,-0.0578768930103639,0,0.998323727683294,0.0386999407976633,0,1.01698480511808,0
0.997979949998209,0,0.06352967339418,0,1,0,-0.06352967339418,0,0.997979949998209,0.0425360070996584,0,1.01852492733689,0
0.997582031062806,0,0.0694988582683738,0,1,0,-0.0694988582683738,0,0.997582031062806,0.0465976987910891,0,1.02012823565346,0
0.997123967992272,0,0.0757878120501322,0,1,0,-0.0757878120501322,0,0.997123967992272,0.0508891113762251,0,1.02179182213464,0
0.996599385171387,0,0.0823994264301269,0,1,0,-0.0823994264301269,0,0.996599385171387,0.0554141450494559,0,1.0235123852324,0
0.99600153546611,0,0.089336114473099,0,1,0,-0.089336114473099,0,0.99600153546611,0.0601765004252899,0,1.02528622873909,0
0.995323303174148,0,0.0965998041328448,0,1,0,-0.0965998041328448,0,0.995323303174148,0.0651796733385432,0,1.02710926170657,0
0.994557208745529,0,0.104191931224552,0,1,0,-0.104191931224552,0,0.994557208745529,0.0704269487333396,0,1.02897699936336,0
0.993695415299083,0,0.11211343190529,0,1,0,-0.11211343190529,0,0.993695415299083,0.0759213936663508,0,1.03088456506259,0
0.99272973695537,0,0.12036473472127,0,1,0,-0.12036473472127,0,0.99272973695537,0.0816658494564989,0,1.03282669329266,0
0.991651649001224,0,0.128945752288138,0,1,0,-0.128945752288138,0,0.991651649001224,0.0876629230201118,0,1.03479773378136,0
0.990452299895437,0,0.137855872678093,0,1,0,-0.137855872678093,0,0.990452299895437,0.0939149774372072,0,1.03679165672283,0
0.989122525119314,0,0.147093950594821,0,1,0,-0.147093950594821,0,0.989122525119314,0.100424121801177,0,1.03880205915499,0
0.987652862869763,0,0.156658298424185,0,1,0,-0.156658298424185,0,0.987652862869763,0.107192200410596,0,1.04082217251357,0
0.98603357158632,0,0.166546677255133,0,1,0,-0.166546677255133,0,0.98603357158632,0.114220781368159,0,1.04284487138647,0
0.984254649296903,0,0.176756287971406,0,1,0,-0.176756287971406,0,0.984254649296903,0.121511144657842,0,1.04486268348988,0
0.982305854760254,0,0.18728376252021,0,1,0,-0.18728376252021,0,0.982305854760254,0.129064269777196,0,1.04686780088489,0
0.980176730375887,0,0.198125155469053,0,1,0,-0.198125155469053,0,0.980176730375887,0.136880823007262,0,1.04885209244991,0
0.977856626824914,0,0.209275935966372,0,1,0,-0.209275935966372,0,0.977856626824914,0.144961144407795,0,1.05080711762115,0
0.975334729397441,0,0.220730980225296,0,1,0,-0.220730980225296,0,0.975334729397441,0.153305234630398,0,1.05272414140893,0
0.972600085954218,0,0.232484564652899,0,1,0,-0.232484564652899,0,0.972600085954218,0.161912741646602,0,1.05459415069388,0
0.969641636462029,0,0.244530359749538,0,1,0,-0.244530359749538,0,0.969641636462029,0.170782947491998,0,1.05640787180174,0
0.966448244033876,0,0.256861424904242,0,1,0,-0.256861424904242,0,0.966448244033876,0.179914755131062,0,1.05815578935092,0
0.963008727396375,0,0.269470204212662,0,1,0,-0.269470204212662,0,0.963008727396375,0.189306675550365,0,1.05982816636101,0
0.959311894698048,0,0.282348523443705,0,1,0,-0.282348523443705,0,0.959311894698048,0.198956815190344,0,1.06141506560486,0
0.955346578563333,0,0.295487588279667,0,1,0,-0.295487588279667,0,0.955346578563333,0.208862863827704,0,1.06290637218032,0
0.951101672288262,0,0.308877983952354,0,1,0,-0.308877983952354,0,0.951101672288262,0.219022083021778,0,1.06429181727147,0
0.946566167064905,0,0.322509676394452,0,1,0,-0.322509676394452,0,0.946566167064905,0.229431295238796,0,1.06556100306194,0
0.941729190112882,0,0.33637201502107,0,1,0,-0.33637201502107,0,0.941729190112882,0.240086873767907,0,1.06670342875618,0
0.936580043587688,0,0.35045373725113,0,1,0,-0.35045373725113,0,0.936580043587688,0.250984733542002,0,1.06770851765687,0
0.931108244127165,0,0.364742974871932,0,1,0,-0.364742974871932,0,0.931108244127165,0.262120322974852,0,1.06856564523945,0
0.925303562889432,0,0.379227262342941,0,1,0,-0.379227262342941,0,0.925303562889432,0.273488616923752,0,1.06926416815683,0
0.919156065927917,0,0.393893547126524,0,1,0,-0.393893547126524,0,0.919156065927917,0.285084110883785,0,1.06979345410017,0
0.912656154741966,0,0.408728202124112,0,1,0,-0.408728202124112,0,0.912656154741966,0.296900816515966,0,1.07014291243346,0
0.905794606834914,0,0.423717040286065,0,1,0,-0.423717040286065,0,0.905794606834914,0.30893225860683,0,1.07030202551248,0
0.898562616105519,0,0.438845331452444,0,1,0,-0.438845331452444,0,0.898562616105519,0.321171473551645,0,1.07026038059115,0
0.890951832893461,0,0.454097821469981,0,1,0,-0.454097821469981,0,0.890951832893461,0.333611009447133,0,1.07000770221119,0
0.882954403495207,0,0.469458753617848,0,1,0,-0.469458753617848,0,0.882954403495207,0.346242927872643,0,1.06953388496405,0
0.874563008963023,0,0.48491189236143,0,1,0,-0.48491189236143,0,0.874563008963023,0.359058807430958,0,1.06882902650771,0
0.865770902997376,0,0.500440549439299,0,1,0,-0.500440549439299,0,0.865770902997376,0.372049749111475,0,1.06788346071468,0
0.856571948741477,0,0.516027612274021,0,1,0,-0.516027612274021,0,0.856571948741477,0.385206383529358,0,1.0666877908223,0
0.846960654286316,0,0.531655574682421,0,1,0,-0.531655574682421,0,0.846960654286316,0.398518880084479,0,1.06523292245113,0
0.836932206695293,0,0.547306569845592,0,1,0,-0.547306569845592,0,0.836932206695293,0.411976958073644,0,1.0635100963532,0
0.826482504359532,0,0.562962405483347,0,1,0,-0.562962405483347,0,0.826482504359532,0.425569899778649,0,1.06151092074825,0
0.815608187498162,0,0.578604601162109,0,1,0,-0.578604601162109,0,0.815608187498162,0.439286565541394,0,1.05922740310316,0
0.804306666622334,0,0.594214427649539,0,1,0,-0.594214427649539,0,0.804306666622334,0.453115410825512,0,1.05665198120804,0
0.792576148787541,0,0.609772948213604,0,1,0,-0.609772948213604,0,0.792576148787541,0.46704450525187,0,1.0537775534012,0
0.780415661465848,0,0.625261061748469,0,1,0,-0.625261061748469,0,0.780415661465848,0.481061553582996,0,1.05059750779524,0
0.767825073878045,0,0.640659547594645,0,1,0,-0.640659547594645,0,0.767825073878045,0.495153918618996,0,1.04710575035722,0
0.754805115635346,0,0.655949111906337,0,1,0,-0.655949111906337,0,0.754805115635346,0.509308645954965,0,1.04329673169786,0
0.741357392551172,0,0.671110435405178,0,1,0,-0.671110435405178,0,0.741357392551172,0.523512490537413,0,1.03916547242736,0
0.727484399495631,0,0.686124222346421,0,1,0,-0.686124222346421,0,0.727484399495631,0.537751944944791,0,1.03470758693962,0
0.713189530178564,0,0.700971250511517,0,1,0,-0.700971250511517,0,0.713189530178564,0.552013269305065,0,1.02991930549128,0
0.698477083761326,0,0.715632422029825,0,1,0,-0.715632422029825,0,0.698477083761326,0.566282522751426,0,1.02479749444815,0
0.68335226821283,0,0.730088814822128,0,1,0,-0.730088814822128,0,0.68335226821283,0.580545596305792,0,1.01933967457852,0
0.66782120034156,0,0.7443217344498,0,1,0,-0.7443217344498,0,0.66782120034156,0.594788247068859,0,1.01354403728066,0
0.651890902452337,0,0.75831276614592,0,1,0,-0.75831276614592,0,0.651890902452337,0.608996133585169,0,1.00740945864091,0
0.635569295594361,0,0.77204382679851,0,1,0,-0.77204382679851,0,0.635569295594361,0.623154852242056,0,1.00093551122832,0
0.618865189385288,0,0.785497216651409,0,1,0,-0.785497216651409,0,0.618865189385288,0.63724997455256,0,0.994122473542633,0
0.601788268414955,0,0.798655670485179,0,1,0,-0.798655670485179,0,0.601788268414955,0.651267085164469,0,0.986971337043591,0
0.58434907525129,0,0.811502408038918,0,1,0,-0.811502408038918,0,0.58434907525129,0.665191820430703,0,0.979483810701815,0
0.566558990090271,0,0.824021183433953,0,1,0,-0.824021183433953,0,0.566558990090271,0.679009907370295,0,0.971662323024039,0
0.548430207110944,0,0.836196333362116,0,1,0,-0.836196333362116,0,0.548430207110944,0.692707202844379,0,0.96351002151886,0
0.529975707615622,0,0.848012823804759,0,1,0,-0.848012823804759,0,0.529975707615622,0.706269732767893,0,0.955030769582713,0
0.511209230054214,0,0.859456295053668,0,1,0,-0.859456295053668,0,0.511209230054214,0.719683731175124,0,0.946229140799832,0
0.492145237049946,0,0.870513104811784,0,1,0,-0.870513104811784,0,0.492145237049946,0.732935678955953,0,0.93711041066411,0
0.472798879561558,0,0.881170369159867,0,1,0,-0.881170369159867,0,0.472798879561558,0.74601234207951,0,0.927680545745127,0
0.453185958334059,0,0.891416001185104,0,1,0,-0.891416001185104,0,0.453185958334059,0.75890080912314,0,0.917946190334888,0
0.433322882806313,0,0.901238747078945,0,1,0,-0.901238747078945,0,0.433322882806313,0.771588527926962,0,0.907914650626026,0
0.413226627658866,0,0.910628219524127,0,1,0,-0.910628219524127,0,0.413226627658866,0.784063341197962,0,0.897593876486185,0
0.392914687199439,0,0.919574928204856,0,1,0,-0.919574928204856,0,0.392914687199439,0.79631352089236,0,0.886992440906898,0
0.372405027796272,0,0.928070307289301,0,1,0,-0.928070307289301,0,0.372405027796272,0.808327801211083,0,0.876119517218454,0
0.351716038580909,0,0.936106739749775,0,1,0,-0.936106739749775,0,0.351716038580909,0.820095410050271,0,0.864984854174846,0
0.330866480651943,0,0.943677578403237,0,1,0,-0.943677578403237,0,0.330866480651943,0.83160609875704,0,0.853598749024806,0
0.309875435019645,0,0.950777163572719,0,1,0,-0.950777163572719,0,0.309875435019645,0.842850170049937,0,0.841972018696136,0
0.288762249538216,0,0.957400837288974,0,1,0,-0.957400837288974,0,0.288762249538216,0.853818503973745,0,0.830115969230845,0
0.267546485077491,0,0.963544953970846,0,1,0,-0.963544953970846,0,0.267546485077491,0.864502581769346,0,0.818042363617989,0
0.246247861189426,0,0.969206887542403,0,1,0,-0.969206887542403,0,0.246247861189426,0.874894507551176,0,0.805763388179504,0
0.224886201526352,0,0.974385034964643,0,1,0,-0.974385034964643,0,0.224886201526352,0.884987027697278,0,0.793291617671619,0
0.203481379267988,0,0.97907881617937,0,1,0,-0.97907881617937,0,0.203481379267988,0.894773547870081,0,0.7806399792706,0
0.182053262812479,0,0.983288670482545,0,1,0,-0.983288670482545,0,0.182053262812479,0.904248147599495,0,0.767821715616613,0
0.160621661983256,0,0.987016049363807,0,1,0,-0.987016049363807,0,0.160621661983256,0.913405592373848,0,0.754850347093268,0
0.139206274998434,0,0.990263405867883,0,1,0,-0.990263405867883,0,0.139206274998434,0.922241343198285,0,0.741739633522987,0
0.117826636442735,0,0.993034180552005,0,1,0,-0.993034180552005,0,0.117826636442735,0.930751563594517,0,0.728503535459661,0
0.0965020664737102,0,0.995332784131169,0,1,0,-0.995332784131169,0,0.0965020664737102,0.938933124030049,0,0.715156175260191,0
0.0752516214842428,0,0.997164576919975,0,1,0,-0.997164576919975,0,0.0752516214842428,0.946783603779209,0,0.701711798115307,0
0.054094046432329,0,0.998535845195643,0,1,0,-0.998535845195643,0,0.054094046432329,0.954301290232246,0,0.688184733217796,0
0.0330477290366755,0,0.999453774621677,0,1,0,-0.999453774621677,0,0.0330477290366755,0.961485175682398,0,0.674589355242688,0
0.0121306560232045,0,0.99992642088528,0,1,0,-0.99992642088528,0,0.0121306560232045,0.968334951634093,0,0.660940046309333,0
-0.00863962840700161,0,0.999962677714018,0,1,0,-0.999962677714018,0,-0.00863962840700161,0.97485100068813,0,0.647251158589603,0
-0.0292460617332844,0,0.999572242448285,0,1,0,-0.999572242448285,0,-0.0292460617332844,0.981034386071842,0,0.63353697771964,0
-0.0496720997556546,0,0.998765579355769,0,1,0,-0.998765579355769,0,-0.0496720997556546,0.986886838893648,0,0.619811687164969,0
-0.0699017505977859,0,0.997553880882314,0,1,0,-0.997553880882314,0,-0.0699017505977859,0.99241074321212,0,0.606089333680134,0
-0.0899196059681477,0,0.995949027040306,0,1,0,-0.995949027040306,0,-0.0899196059681477,0.997609119019527,0,0.59238379399474,0
-0.109710869592442,0,0.993963543140929,0,1,0,-0.993963543140929,0,-0.109710869592442,1.00248560324883,0,0.578708742847661,0
-0.129261382748435,0,0.991610556080341,0,1,0,-0.991610556080341,0,-0.129261382748435,1.00704442892111,0,0.565077622480541,0
-0.148557646852327,0,0.988903749392073,0,1,0,-0.988903749392073,0,-0.148557646852327,1.01129040255764,0,0.551503613690468,0
-0.167586843063755,0,0.985857317278684,0,1,0,-0.985857317278684,0,-0.167586843063755,1.01522887998673,0,0.537999608530128,0
-0.186336848894298,0,0.982485917835031,0,1,0,-0.982485917835031,0,-0.186336848894298,1.0188657406808,0,0.524578184731805,0
-0.204796251821896,0,0.97880462567343,0,1,0,-0.97880462567343,0,-0.204796251821896,1.022207360763,0,0.511251581919333,0
-0.222954359930478,0,0.97482888415762,0,1,0,-0.97482888415762,0,-0.222954359930478,1.02526058482607,0,0.498031679659983,0
-0.240801209610811,0,0.970574457447738,0,1,0,-0.970574457447738,0,-0.240801209610811,1.02803269670793,0,0.484929977395695,0
-0.258327570374194,0,0.966057382552696,0,1,0,-0.966057382552696,0,-0.258327570374194,1.03053138936965,0,0.471957576281036,0
-0.275524946845897,0,0.961293921579433,0,1,0,-0.961293921579433,0,-0.275524946845897,1.03276473402187,0,0.459125162942931,0
-0.292385578019419,0,0.956300514360549,0,1,0,-0.956300514360549,0,-0.292385578019419,1.03474114864457,0,0.446442995165461,0
-0.308902433866089,0,0.951093731633011,0,1,0,-0.951093731633011,0,-0.308902433866089,1.03646936604365,0,0.433920889491337,0
-0.325069209406857,0,0.945690228931018,0,1,0,-0.945690228931018,0,-0.325069209406857,1.03795840158545,0,0.421568210720556,0
-0.3408803163646,0,0.940106701345741,0,1,0,-0.940106701345741,0,-0.3408803163646,1.03921752074667,0,0.409393863275922,0
-0.356330872525537,0,0.934359839293829,0,1,0,-0.934359839293829,0,-0.356330872525537,1.04025620661375,0,0.39740628439496,0
-0.37141668894759,0,0.928466285425168,0,1,0,-0.928466285425168,0,-0.37141668894759,1.04108412746065,0,0.385613439098105,0
-0.386134255161688,0,0.922442592788694,0,1,0,-0.922442592788694,0,-0.386134255161688,1.04171110452912,0,0.374022816873968,0
-0.40048072251892,0,0.916305184363116,0,1,0,-0.916305184363116,0,-0.40048072251892,1.04214708012975,0,0.362641430014261,0
-0.414453885842404,0,0.910070314047289,0,1,0,-0.910070314047289,0,-0.414453885842404,1.04240208617593,0,0.351475813523165,0
-0.428052163547354,0,0.903754029192916,0,1,0,-0.903754029192916,0,-0.428052163547354,1.0424862132563,0,0.340532026519184,0
-0.441274576396558,0,0.897372134750148,0,1,0,-0.897372134750148,0,-0.441274576396558,1.04240958034456,0,0.329815655041219,0
-0.454120725060957,0,0.890940159084835,0,1,0,-0.890940159084835,0,-0.454120725060957,1.04218230523852,0,0.319331816165319,0
-0.466590766656489,0,0.88447332151451,0,1,0,-0.88447332151451,0,-0.466590766656489,1.04181447581268,0,0.309085163333916,0
-0.478685390428852,0,0.877986501598958,0,1,0,-0.877986501598958,0,-0.478685390428852,1.04131612216199,0,0.299079892795516,0
-0.490405792757307,0,0.871494210210302,0,1,0,-0.871494210210302,0,-0.490405792757307,1.04069718970641,0,0.289319751049791,0
-0.501753651647154,0,0.865010562397215,0,1,0,-0.865010562397215,0,-0.501753651647154,1.03996751331912,0,0.279808043190725,0
-0.512731100878237,0,0.858549252048006,0,1,0,-0.858549252048006,0,-0.512731100878237,1.0391367925338,0,0.270547642038915,0
-0.523340703973581,0,0.852123528348112,0,1,0,-0.852123528348112,0,-0.523340703973581,1.03821456787918,0,0.261540997953394,0
-0.533585428148416,0,0.845746174018938,0,1,0,-0.845746174018938,0,-0.533585428148416,1.03721019838261,0,0.25279014921318,0
-0.543468618395115,0,0.839429485317085,0,1,0,-0.839429485317085,0,-0.543468618395115,1.03613284027711,0,0.244296732859416,0
-0.552993971854242,0,0.833185253765854,0,1,0,-0.833185253765854,0,-0.552993971854242,1.03499142694059,0,0.236061995890252,0
-0.562165512616052,0,0.827024749584395,0,1,0,-0.827024749584395,0,-0.562165512616052,1.03379465008932,0,0.228086806702419,0
-0.570987567090283,0,0.820958706774171,0,1,0,-0.820958706774171,0,-0.570987567090283,1.03255094224226,0,0.220371666675981,0
-0.579464740075086,0,0.81499730981747,0,1,0,-0.81499730981747,0,-0.579464740075086,1.03126846046723,0,0.212916721801808,0
-0.587601891648631,0,0.809150181938403,0,1,0,-0.809150181938403,0,-0.587601891648631,1.02995507141477,0,0.205721774254791,0
-0.595404114999113,0,0.803426374873344,0,1,0,-0.803426374873344,0,-0.595404114999113,1.02861833764108,0,0.198786293819877,0
-0.602876715300805,0,0.797834360094946,0,1,0,-0.797834360094946,0,-0.602876715300805,1.0272655052166,0,0.192109429082482,0
-0.610025189735445,0,0.79238202143173,0,1,0,-0.79238202143173,0,-0.610025189735445,1.02590349261319,0,0.185690018299629,0
-0.61685520874955,0,0.787076649023809,0,1,0,-0.787076649023809,0,-0.61685520874955,1.02453888085888,0,0.179526599873505,0
-0.623372598629636,0,0.781924934554292,0,1,0,-0.781924934554292,0,-0.623372598629636,1.02317790494607,0,0.173617422354448,0
-0.629583325468123,0,0.776932967695733,0,1,0,-0.776932967695733,0,-0.629583325468123,1.02182644647582,0,0.167960453906424,0
-0.635493480583806,0,0.772106233711061,0,1,0,-0.772106233711061,0,-0.635493480583806,1.02049002751828,0,0.162553391173904,0
-0.641109267451514,0,0.767449612149086,0,1,0,-0.767449612149086,0,-0.641109267451514,1.01917380566693,0,0.157393667495406,0
-0.646436990186407,0,0.762967376575656,0,1,0,-0.762967376575656,0,-0.646436990186407,1.01788257026172,0,0.152478460415304,0
-0.651483043619033,0,0.758663195282915,0,1,0,-0.758663195282915,0,-0.651483043619033,1.01662073975475,0,0.147804698452075,0
-0.65625390498807,0,0.754540132920648,0,1,0,-0.754540132920648,0,-0.65625390498807,1.01539236018969,0,0.143369067087729,0
-0.660756127268353,0,0.750600652995538,0,1,0,-0.750600652995538,0,-0.660756127268353,1.01420110476487,0,0.139168013949878,0
-0.664996334142653,0,0.746846621185925,0,1,0,-0.746846621185925,0,-0.664996334142653,1.01305027444805,0,0.135197753164477,0
-0.668981216616346,0,0.743279309421777,0,1,0,-0.743279309421777,0,-0.668981216616346,1.01194279960946,0,0.131454268864074,0
-0.67271753126521,0,0.739899400681229,0,1,0,-0.739899400681229,0,-0.67271753126521,1.01088124263795,0,0.127933317842826,0
-0.676212100097279,0,0.73670699445711,0,1,0,-0.73670699445711,0,-0.676212100097279,1.00986780150354,0,0.124630431356282,0
-0.679471812001039,0,0.733701612848183,0,1,0,-0.733701612848183,0,-0.679471812001039,1.00890431422794,0,0.121540916070077,0
-0.682503625743093,0,0.730882207231461,0,1,0,-0.730882207231461,0,-0.682503625743093,1.00799226422259,0,0.118659854168198,0
-0.685314574469984,0,0.728247165472702,0,1,0,-0.728247165472702,0,-0.685314574469984,1.00713278645191,0,0.115982102637332,0
-0.687911771659969,0,0.725794319633078,0,1,0,-0.725794319633078,0,-0.687911771659969,1.00632667437702,0,0.113502291749892,0
-0.69030241846233,0,0.723520954129912,0,1,0,-0.723520954129912,0,-0.69030241846233,1.00557438763261,0,0.111214822773749,0
-0.692493812353221,0,0.721423814309246,0,1,0,-0.721423814309246,0,-0.692493812353221,1.00487606038702,0,0.109113864942283,0
-0.694493357029106,0,0.719499115386838,0,1,0,-0.719499115386838,0,-0.694493357029106,1.0042315103322,0,0.107193351723289,0
-0.696308573450626,0,0.717742551712767,0,1,0,-0.717742551712767,0,-0.696308573450626,1.0036402482466,0,0.105446976430177,0
-0.69794711194201,0,0.716149306312453,0,1,0,-0.716149306312453,0,-0.69794711194201,1.00310148807047,0,0.10386818722335,0
-0.699416765243467,0,0.714714060653885,0,1,0,-0.714714060653885,0,-0.699416765243467,1.00261415742806,0,0.102450181553676,0
-0.700725482406443,0,0.71343100458717,0,1,0,-0.71343100458717,0,-0.700725482406443,1.00217690852711,0,0.101185900103879,0
-0.701881383414446,0,0.712293846397836,0,1,0,-0.712293846397836,0,-0.701881383414446,1.00178812936004,0,0.100068020286878,0
-0.702892774405012,0,0.711295822910007,0,1,0,-0.711295822910007,0,-0.702892774405012,1.00144595512598,0,0.0990889493632168,0
-0.70376816336142,0,0.710429709569422,0,1,0,-0.710429709569422,0,-0.70376816336142,1.00114827978637,0,0.0982408172423327,0
-0.704516276136168,0,0.709687830429145,0,1,0,-0.709687830429145,0,-0.704516276136168,1.00089276765999,0,0.0975154690345772,0
-0.70514607266166,0,0.709062067953036,0,1,0,-0.709062067953036,0,-0.70514607266166,1.00067686495634,0,0.0969044574227941,0
-0.705666763197115,0,0.708543872543477,0,1,0,-0.708543872543477,0,-0.705666763197115,1.00049781113853,0,0.0963990349238152,0
-0.706087824454613,0,0.708124271690324,0,1,0,-0.708124271690324,0,-0.706087824454613,1.00035264999839,0,0.0959901461112797,0
-0.706419015440928,0,0.707793878628143,0,1,0,-0.707793878628143,0,-0.706419015440928,1.00023824031856,0,0.0956684198722373,0
-0.706670392845949,0,0.707542900377745,0,1,0,-0.707542900377745,0,-0.706670392845949,1.00015126598665,0,0.0954241617703661,0
-0.70685232580217,0,0.707361145037005,0,1,0,-0.707361145037005,0,-0.70685232580217,1.00008824541769,0,0.0952473465893953,0
-0.706975509833931,0,0.707238028173721,0,1,0,-0.707238028173721,0,-0.706975509833931,1.00004554013095,0,0.0951276111302944,0
-0.707050979808587,0,0.707162578161286,0,1,0,-0.707162578161286,0,-0.707050979808587,1.00001936231754,0,0.0950542473363578,0
-0.707090121695514,0,0.707123440285092,0,1,0,-0.707123440285092,0,-0.707090121695514,1.00000578122453,0,0.0950161958204184,0
-0.707104682931837,0,0.707108879435032,0,1,0,-0.707108879435032,0,-0.707104682931837,1.00000072817089,0,0.0950020398691294,0
-0.707106781186547,0,0.707106781186548,0,1,0,-0.707106781186548,0,-0.707106781186547,1,0,0.095,0
-0.707106781186548,0,0.707106781186548,0,1,0,-0.707106781186548,0,-0.707106781186548,1,0,0.095,0
-0.707106781186548,0,0.707106781186548,0,1,0,-0.707106781186548,0,-0.707106781186548,1,0,0.0949999181394269,0
-0.707106781186548,0,0.707106781186548,0,1,0,-0.707106781186548,0,-0.707106781186548,1,0,0.0949993500591537,0
-0.707106781186548,0,0.707106781186548,0,1,0,-0.707106781186548,0,-0.707106781186548,1,0,0.0949978230672789,0
-0.707106781186548,0,0.707106781186548,0,1,0,-0.707106781186548,0,-0.707106781186548,1,0,0.0949948790931708,0
-0.707106781186548,0,0.707106781186548,0,1,0,-0.707106781186548,0,-0.707106781186548,1,0,0.0949900745375055,0
-0.707106781186548,0,0.707106781186548,0,1,0,-0.707106781186548,0,-0.707106781186548,1,0,0.0949829801223053,0
-0.707106781186548,0,0.707106781186548,0,1,0,-0.707106781186548,0,-0.707106781186548,1,0,0.094973180740977,0
-0.707106781186548,0,0.707106781186548,0,1,0,-0.707106781186548,0,-0.707106781186548,1,0,0.0949602753083498,0
-0.707106781186548,0,0.707106781186548,0,1,0,-0.707106781186548,0,-0.707106781186548,1,0,0.0949438766107143,0
-0.707106781186548,0,0.707106781186548,0,1,0,-0.707106781186548,0,-0.707106781186548,1,0,0.09492361115586,0
-0.707106781186548,0,0.707106781186548,0,1,0,-0.707106781186548,0,-0.707106781186548,1,0,0.0948991190231139,0
-0.707106781186548,0,0.707106781186548,0,1,0,-0.707106781186548,0,-0.707106781186548,1,0,0.0948700537133789,0
-0.707106781186548,0,0.707106781186548,0,1,0,-0.707106781186548,0,-0.707106781186548,1,0,0.0948360819991719,0
-0.707106781186548,0,0.707106781186548,0,1,0,-0.707106781186548,0,-0.707106781186548,1,0,0.0947968837746617,0
-0.707106781186548,0,0.707106781186548,0,1,0,-0.707106781186548,0,-0.707106781186548,1,0,0.094752151905708,0
-0.707106781186548,0,0.707106781186548,0,1,0,-0.707106781186548,0,-0.707106781186548,1,0,0.0947015920798992,0
-0.707106781186548,0,0.707106781186548,0,1,0,-0.707106781186548,0,-0.707106781186548,1,0,0.0946449226565906,0
-0.707106781186548,0,0.707106781186548,0,1,0,-0.707106781186548,0,-0.707106781186548,1,0,0.0945818745169428,0
-0.707106781186548,0,0.707106781186548,0,1,0,-0.707106781186548,0,-0.707106781186548,1,0,0.0945121909139602,0
-0.707106781186548,0,0.707106781186548,0,1,0,-0.707106781186548,0,-0.707106781186548,1,0,0.0944356273225286,0
-0.707106781186548,0,0.707106781186548,0,1,0,-0.707106781186548,0,-0.707106781186548,1,0,0.0943519512894544,0
-0.707106781186548,0,0.707106781186548,0,1,0,-0.707106781186548,0,-0.707106781186548,1,0,0.0942609422835018,0
-0.707106781186548,0,0.707106781186548,0,1,0,-0.707106781186548,0,-0.707106781186548,1,0,0.0941623915454319,0
-0.707106781186548,0,0.707106781186548,0,1,0,-0.707106781186548,0,-0.707106781186548,1,0,0.0940561019380407,0
-0.707106781186548,0,0.707106781186548,0,1,0,-0.707106781186548,0,-0.707106781186548,1,0,0.093941887796197,0
-0.707106781186548,0,0.707106781186548,0,1,0,-0.707106781186548,0,-0.707106781186548,1,0,0.0938195747768814,0
-0.707106781186548,0,0.707106781186548,0,1,0,-0.707106781186548,0,-0.707106781186548,1,0,0.0936889997092238,0
-0.707106781186548,0,0.707106781186548,0,1,0,-0.707106781186548,0,-0.707106781186548,1,0,0.0935500104445422,0
-0.707106781186548,0,0.707106781186548,0,1,0,-0.707106781186548,0,-0.707106781186548,1,0,0.0934024657063805,0
-0.707106781186548,0,0.707106781186548,0,1,0,-0.707106781186548,0,-0.707106781186548,1,0,0.0932462349405472,0
-0.707106781186548,0,0.707106781186548,0,1,0,-0.707106781186548,0,-0.707106781186548,1,0,0.0930811981651536,0
-0.707106781186548,0,0.707106781186548,0,1,0,-0.707106781186548,0,-0.707106781186548,1,0,0.0929072458206517,0
-0.707106781186548,0,0.707106781186548,0,1,0,-0.707106781186548,0,-0.707106781186548,1,0,0.0927242786198728,0
-0.707106781186548,0,0.707106781186548,0,1,0,-0.707106781186548,0,-0.707106781186548,1,0,0.0925322073980655,0
-0.707106781186548,0,0.707106781186548,0,1,0,-0.707106781186548,0,-0.707106781186548,1,0,0.0923309529629344,0
-0.707106781186548,0,0.707106781186548,0,1,0,-0.707106781186548,0,-0.707106781186548,1,0,0.0921204459446778,0
-0.707106781186548,0,0.707106781186548,0,1,0,-0.707106781186548,0,-0.707106781186548,1,0,0.0919006266460264,0
-0.707106781186548,0,0.707106781186548,0,1,0,-0.707106781186548,0,-0.707106781186548,1,0,0.0916714448922814,0
-0.707106781186548,0,0.707106781186548,0,1,0,-0.707106781186548,0,-0.707106781186548,1,0,0.0914328598813526,0
-0.707106781186548,0,0.707106781186548,0,1,0,-0.707106781186548,0,-0.707106781186548,1,0,0.091184840033797,0
-0.707106781186548,0,0.707106781186548,0,1,0,-0.707106781186548,0,-0.707106781186548,1,0,0.0909273628428566,0
-0.707106781186548,0,0.707106781186548,0,1,0,-0.707106781186548,0,-0.707106781186548,1,0,0.0906604147244973,0
-0.707106781186548,0,0.707106781186548,0,1,0,-0.707106781186548,0,-0.707106781186548,1,0,0.0903839908674466,0
-0.707106781186548,0,0.707106781186548,0,1,0,-0.707106781186548,0,-0.707106781186548,1,0,0.090098095083232,0
-0.707106781186548,0,0.707106781186548,0,1,0,-0.707106781186548,0,-0.707106781186548,1,0,0.0898027396562193,0
-0.707106781186548,0,0.707106781186548,0,1,0,-0.707106781186548,0,-0.707106781186548,1,0,0.0894979451936511,0
-0.707106781186548,0,0.707106781186548,0,1,0,-0.707106781186548,0,-0.707106781186548,1,0,0.0891837404756845,0
-0.707106781186548,0,0.707106781186548,0,1,0,-0.707106781186548,0,-0.707106781186548,1,0,0.0888601623054301,0
-0.707106781186548,0,0.707106781186548,0,1,0,-0.707106781186548,0,-0.707106781186548,1,0,0.0885272553589894,0
-0.707106781186548,0,0.707106781186548,0,1,0,-0.707106781186548,0,-0.707106781186548,1,0,0.0881850720354939,0
-0.707106781186548,0,0.707106781186548,0,1,0,-0.707106781186548,0,-0.707106781186548,1,0,0.0878336723071427,0
-0.707106781186548,0,0.707106781186548,0,1,0,-0.707106781186548,0,-0.707106781186548,1,0,0.0874731235692411,0
-0.707106781186548,0,0.707106781186548,0,1,0,-0.707106781186548,0,-0.707106781186548,1,0,0.087103500490239,0
-0.707106781186548,0,0.707106781186548,0,1,0,-0.707106781186548,0,-0.707106781186548,1,0,0.0867248848617687,0
-0.707106781186548,0,0.707106781186548,0,1,0,-0.707106781186548,0,-0.707106781186548,1,0,0.0863373654486835,0
-0.707106781186548,0,0.707106781186548,0,1,0,-0.707106781186548,0,-0.707106781186548,1,0,0.0859410378390958,0
-0.707106781186548,0,0.707106781186548,0,1,0,-0.707106781186548,0,-0.707106781186548,1,0,0.0855360042944157,0
-0.707106781186548,0,0.707106781186548,0,1,0,-0.707106781186548,0,-0.707106781186548,1,0,0.0851223735993886,0
-0.707106781186548,0,0.707106781186548,0,1,0,-0.707106781186548,0,-0.707106781186548,1,0,0.0847002609121341,0
-0.707106781186548,0,0.707106781186548,0,1,0,-0.707106781186548,0,-0.707106781186548,1,0,0.0842697876141839,0
-0.707106781186548,0,0.707106781186548,0,1,0,-0.707106781186548,0,-0.707106781186548,1,0,0.0838310811605204,0
-0.707106781186548,0,0.707106781186548,0,1,0,-0.707106781186548,0,-0.707106781186548,1,0,0.0833842749296144,0
-0.707106781186548,0,0.707106781186548,0,1,0,-0.707106781186548,0,-0.707106781186548,1,0,0.082929508073464,0
-0.707106781186548,0,0.707106781186548,0,1,0,-0.707106781186548,0,-0.707106781186548,1,0,0.0824669253676323,0
-0.707106781186548,0,0.707106781186548,0,1,0,-0.707106781186548,0,-0.707106781186548,1,0,0.081996677061286,0
-0.707106781186548,0,0.707106781186548,0,1,0,-0.707106781186548,0,-0.707106781186548,1,0,0.0815189187272337,0
-0.707106781186548,0,0.707106781186548,0,1,0,-0.707106781186548,0,-0.707106781186548,1,0,0.0810338111119638,0
-0.707106781186548,0,0.707106781186548,0,1,0,-0.707106781186548,0,-0.707106781186548,1,0,0.0805415199856832,0
-0.707106781186548,0,0.707106781186548,0,1,0,-0.707106781186548,0,-0.707106781186548,1,0,0.0800422159923552,0
-0.707106781186548,0,0.707106781186548,0,1,0,-0.707106781186548,0,-0.707106781186548,1,0,0.0795360744997381,0
-0.707106781186548,0,0.707106781186548,0,1,0,-0.707106781186548,0,-0.707106781186548,1,0,0.079023275449423,0
-0.707106781186548,0,0.707106781186548,0,1,0,-0.707106781186548,0,-0.707106781186548,1,0,0.0785040032068725,0
-0.707106781186548,0,0.707106781186548,0,1,0,-0.707106781186548,0,-0.707106781186548,1,0,0.0779784464114589,0
-0.707106781186548,0,0.707106781186548,0,1,0,-0.707106781186548,0,-0.707106781186548,1,0,0.0774467978265021,0
-0.707106781186548,0,0.707106781186548,0,1,0,-0.707106781186548,0,-0.707106781186548,1,0,0.0769092541893082,0
-0.707106781186548,0,0.707106781186548,0,1,0,-0.707106781186548,0,-0.707106781186548,1,0,0.0763660160612079,0
-0.707106781186548,0,0.707106781186548,0,1,0,-0.707106781186548,0,-0.707106781186548,1,0,0.0758172876775942,0
-0.707106781186548,0,0.707106781186548,0,1,0,-0.707106781186548,0,-0.707106781186548,1,0,0.0752632767979611,0
-0.707106781186548,0,0.707106781186548,0,1,0,-0.707106781186548,0,-0.707106781186548,1,0,0.0747041945559418,0
-0.707106781186548,0,0.707106781186548,0,1,0,-0.707106781186548,0,-0.707106781186548,1,0,0.0741402553093469,0
-0.707106781186548,0,0.707106781186548,0,1,0,-0.707106781186548,0,-0.707106781186548,1,0,0.0735716764902028,0
-0.707106781186548,0,0.707106781186548,0,1,0,-0.707106781186548,0,-0.707106781186548,1,0,0.0729986784547894,0
-0.707106781186548,0,0.707106781186548,0,1,0,-0.707106781186548,0,-0.707106781186548,1,0,0.0724214843336794,0
-0.707106781186548,0,0.707106781186548,0,1,0,-0.707106781186548,0,-0.707106781186548,1,0,0.0718403198817754,0
-0.707106781186548,0,0.707106781186548,0,1,0,-0.707106781186548,0,-0.707106781186548,1,0,0.071255413328349,0
-0.707106781186548,0,0.707106781186548,0,1,0,-0.707106781186548,0,-0.707106781186548,1,0,0.0706669952270788,0
-0.707106781186548,0,0.707106781186548,0,1,0,-0.707106781186548,0,-0.707106781186548,1,0,0.0700752983060885,0
-0.707106781186548,0,0.707106781186548,0,1,0,-0.707106781186548,0,-0.707106781186548,1,0,0.0694805573179852,0
-0.707106781186548,0,0.707106781186548,0,1,0,-0.707106781186548,0,-0.707106781186548,1,0,0.0688830088898982,0
-0.707106781186548,0,0.707106781186548,0,1,0,-0.707106781186548,0,-0.707106781186548,1,0,0.0682828913735162,0
-0.707106781186548,0,0.707106781186548,0,1,0,-0.707106781186548,0,-0.707106781186548,1,0,0.0676804446951266,0
-0.707106781186548,0,0.707106781186548,0,1,0,-0.707106781186548,0,-0.707106781186548,1,0,0.0670759102056531,0
-0.707106781186548,0,0.707106781186548,0,1,0,-0.707106781186548,0,-0.707106781186548,1,0,0.0664695305306945,0
-0.707106781186548,0,0.707106781186548,0,1,0,-0.707106781186548,0,-0.707106781186548,1,0,0.0658615494205622,0
-0.707106781186548,0,0.707106781186548,0,1,0,-0.707106781186548,0,-0.707106781186548,1,0,0.0652522116003194,0
-0.707106781186548,0,0.707106781186548,0,1,0,-0.707106781186548,0,-0.707106781186548,1,0,0.0646417626198184,0
-0.707106781186548,0,0.707106781186548,0,1,0,-0.707106781186548,0,-0.707106781186548,1,0,0.0640304487037396,0
-0.707106781186548,0,0.707106781186548,0,1,0,-0.707106781186548,0,-0.707106781186548,1,0,0.0634185166016294,0
-0.707106781186548,0,0.707106781186548,0,1,0,-0.707106781186548,0,-0.707106781186548,1,0,0.0628062134379388,0
-0.707106781186548,0,0.707106781186548,0,1,0,-0.707106781186548,0,-0.707106781186548,1,0,0.0621937865620611,0
-0.707106781186548,0,0.707106781186548,0,1,0,-0.707106781186548,0,-0.707106781186548,1,0,0.0615814833983704,0
-0.707106781186548,0,0.707106781186548,0,1,0,-0.707106781186548,0,-0.707106781186548,1,0,0.0609695512962603,0
-0.707106781186548,0,0.707106781186548,0,1,0,-0.707106781186548,0,-0.707106781186548,1,0,0.0603582373801815,0
-0.707106781186548,0,0.707106781186548,0,1,0,-0.707106781186548,0,-0.707106781186548,1,0,0.0597477883996805,0
-0.707106781186548,0,0.707106781186548,0,1,0,-0.707106781186548,0,-0.707106781186548,1,0,0.0591384505794376,0
-0.707106781186548,0,0.707106781186548,0,1,0,-0.707106781186548,0,-0.707106781186548,1,0,0.0585304694693054,0
-0.707106781186548,0,0.707106781186548,0,1,0,-0.707106781186548,0,-0.707106781186548,1,0,0.0579240897943467,0
-0.707106781186548,0,0.707106781186548,0,1,0,-0.707106781186548,0,-0.707106781186548,1,0,0.0573195553048733,0
-0.707106781186548,0,0.707106781186548,0,1,0,-0.707106781186548,0,-0.707106781186548,1,0,0.0567171086264837,0
-0.707106781186548,0,0.707106781186548,0,1,0,-0.707106781186548,0,-0.707106781186548,1,0,0.0561169911101017,0
-0.707106781186548,0,0.707106781186548,0,1,0,-0.707106781186548,0,-0.707106781186548,1,0,0.0555194426820146,0
-0.707106781186548,0,0.707106781186548,0,1,0,-0.707106781186548,0,-0.707106781186548,1,0,0.0549247016939114,0
-0.707106781186548,0,0.707106781186548,0,1,0,-0.707106781186548,0,-0.707106781186548,1,0,0.0543330047729211,0
-0.707106781186548,0,0.707106781186548,0,1,0,-0.707106781186548,0,-0.707106781186548,1,0,0.0537445866716509,0
-0.707106781186548,0,0.707106781186548,0,1,0,-0.707106781186548,0,-0.707106781186548,1,0,0.0531596801182245,0
-0.707106781186548,0,0.707106781186548,0,1,0,-0.707106781186548,0,-0.707106781186548,1,0,0.0525785156663205,0
-0.707106781186548,0,0.707106781186548,0,1,0,-0.707106781186548,0,-0.707106781186548,1,0,0.0520013215452104,0
-0.707106781186548,0,0.707106781186548,0,1,0,-0.707106781186548,0,-0.707106781186548,1,0,0.0514283235097971,0
-0.707106781186548,0,0.707106781186548,0,1,0,-0.707106781186548,0,-0.707106781186548,1,0,0.0508597446906529,0
-0.707106781186548,0,0.707106781186548,0,1,0,-0.707106781186548,0,-0.707106781186548,1,0,0.050295805444058,0
-0.707106781186548,0,0.707106781186548,0,1,0,-0.707106781186548,0,-0.707106781186548,1,0,0.0497367232020388,0
-0.707106781186548,0,0.707106781186548,0,1,0,-0.707106781186548,0,-0.707106781186548,1,0,0.0491827123224057,0
-0.707106781186548,0,0.707106781186548,0,1,0,-0.707106781186548,0,-0.707106781186548,1,0,0.048633983938792,0
-0.707106781186548,0,0.707106781186548,0,1,0,-0.707106781186548,0,-0.707106781186548,1,0,0.0480907458106916,0
-0.707106781186548,0,0.707106781186548,0,1,0,-0.707106781186548,0,-0.707106781186548,1,0,0.0475532021734978,0
-0.707106781186548,0,0.707106781186548,0,1,0,-0.707106781186548,0,-0.707106781186548,1,0,0.047021553588541,0
-0.707106781186548,0,0.707106781186548,0,1,0,-0.707106781186548,0,-0.707106781186548,1,0,0.0464959967931274,0
-0.707106781186548,0,0.707106781186548,0,1,0,-0.707106781186548,0,-0.707106781186548,1,0,0.0459767245505769,0
-0.707106781186548,0,0.707106781186548,0,1,0,-0.707106781186548,0,-0.707106781186548,1,0,0.0454639255002618,0
-0.707106781186548,0,0.707106781186548,0,1,0,-0.707106781186548,0,-0.707106781186548,1,0,0.0449577840076447,0
-0.707106781186548,0,0.707106781186548,0,1,0,-0.707106781186548,0,-0.707106781186548,1,0,0.0444584800143167,0
-0.707106781186548,0,0.707106781186548,0,1,0,-0.707106781186548,0,-0.707106781186548,1,0,0.0439661888880361,0
-0.707106781186548,0,0.707106781186548,0,1,0,-0.707106781186548,0,-0.707106781186548,1,0,0.0434810812727662,0
-0.707106781186548,0,0.707106781186548,0,1,0,-0.707106781186548,0,-0.707106781186548,1,0,0.0430033229387139,0
-0.707106781186548,0,0.707106781186548,0,1,0,-0.707106781186548,0,-0.707106781186548,1,0,0.0425330746323676,0
-0.707106781186548,0,0.707106781186548,0,1,0,-0.707106781186548,0,-0.707106781186548,1,0,0.0420704919265359,0
-0.707106781186548,0,0.707106781186548,0,1,0,-0.707106781186548,0,-0.707106781186548,1,0,0.0416157250703854,0
-0.707106781186548,0,0.707106781186548,0,1,0,-0.707106781186548,0,-0.707106781186548,1,0,0.0411689188394795,0
-0.707106781186548,0,0.707106781186548,0,1,0,-0.707106781186548,0,-0.707106781186548,1,0,0.0407302123858159,0
